0 0.896678037447989 0.543134685767098 0.11031829403606103 0.5127578373382625
0 0.821461123439667 0.40279482439926056 0.08023170596393897 0.2636709796672828
0 0.6099417475728156 0.34933179297597045 0.15134535367545077 0.18833456561922365
0 0.13037586685159502 0.3365739371534196 0.08387794729542303 0.19197966728280963
0 0.24753259361997226 0.3456866913123845 0.08479056865464632 0.11543253234750461
0 0.3140880721220527 0.3335351201478743 0.05561581137309292 0.10328096118299446
0 0.17049167822468791 0.48602587800369684 0.08205409153952843 0.2284325323475046
0 0.2484441816920943 0.47023012939001846 0.06655549237170597 0.20413123844731978
0 0.30132363384188626 0.4653702125693161 0.08114380027739251 0.26245365988909425
0 0.5643557558945909 0.5716885304990759 0.12581830790568654 0.3268521441774492
0 0.6970107558945908 0.634872606284658 0.12490639389736476 0.4337784842883549
0 0.7289216366158113 0.42102125693160813 0.06290846047156727 0.11057116451016637