0 0.6717103616133518 0.4939244935543278 0.08625799721835883 0.21020626151012892
0 0.9699426286509041 0.5467803867403315 0.056893602225312936 0.09720534069981583
0 0.9387430458970792 0.5577159300184162 0.04588247566063978 0.07533425414364642
0 0.7598038942976356 0.5862697974217311 0.06239916550764952 0.16646408839779006
0 0.6487698191933241 0.5978130755064457 0.058728789986091795 0.09963535911602209
0 0.5698529207232267 0.5935603130755064 0.06974061196105703 0.1178609576427256
0 0.6460166898470098 0.7308627992633517 0.07708205841446453 0.20048618784530386
0 0.520759388038943 0.5862697974217311 0.07065785813630042 0.1397329650092081
0 0.4322072461752434 0.7187117863720073 0.07524620305980528 0.24908839779005523
0 0.44184248956884564 0.5589309392265194 0.07432892906815021 0.10692633517495397
0 0.031199582753824753 0.5127578268876611 0.03670514603616133 0.13851749539594843
0 0.09956363004172462 0.5309838858195212 0.06515229485396383 0.09234530386740332