0 0.3051016724137931 0.5965976201478742 0.06074817241379311 0.08505429759704251
0 0.3880637931034483 0.598420517560074 0.05621448275862068 0.13973197781885396
0 0.3903303448275862 0.7436206099815158 0.08250896551724138 0.28918576709796673
0 0.5766556310344828 0.7612392375231054 0.07434868275862068 0.36816498151571164
0 0.5725755172413793 0.6445928835489834 0.04805448275862069 0.15674399260628466
0 0.9710662068965518 0.5905226432532348 0.048961379310344826 0.10935582255083179
0 0.9574658620689654 0.5729038401109057 0.03445448275862069 0.08383926987060998
0 0.9175717241379311 0.5820170979667282 0.03626758620689655 0.10692513863216266
0 0.8876506896551726 0.5765493530499075 0.03989448275862069 0.09842070240295749
0 0.008160344827586206 0.5722962107208873 0.014506896551724139 0.09477541589648798
0 0.21805926551724136 0.7417985212569316 0.06981526206896552 0.19076524953789278