0 0.4055992025222552 0.6475954061251664 0.15336984421364985 0.5787727030625832
0 0.2868761127596439 0.2273534620505992 0.07114094955489614 0.1172291344873502
0 0.418088649851632 0.31083462716378163 0.09400816023738873 0.26998187749667113
0 0.5561320474777448 0.15719392143808256 0.04947774480712166 0.13676794940079892
0 0.5135808605341247 0.16429820239680426 0.05739465875370919 0.1332145139813582
0 0.738211053412463 0.15275299600532624 0.067290059347181 0.17406790945406125
0 0.7223781750741839 0.23534687083888148 0.05343652818991097 0.2113675099866844
0 0.6051153115727003 0.41118997336884155 0.06630035608308604 0.39964492676431423
0 0.7629499146884272 0.407637982689747 0.11280971068249257 0.2682053928095872
0 0.8307346253709197 0.3499111917443409 0.04848853857566766 0.18117229027962717
0 0.8376616097922848 0.28063981358189083 0.07619603857566766 0.15985752330226363
0 0.9272166172106826 0.36589699733688413 0.11083086053412464 0.17406752330226363