0 0.06627650727650727 0.7636815403422983 0.13255301455301455 0.45937041564792175
0 0.15840536036036035 0.5033167909535452 0.0987097227997228 0.3001659290953545
0 0.19694906444906443 0.4038144804400978 0.0799078309078309 0.3167500122249389
0 0.30693942134442137 0.8814259902200489 0.24724405405405406 0.22719691931540342
0 0.3182207207207207 0.7230513447432763 0.17579695079695082 0.33167481662591686
0 0.33091175329175326 0.44527349022004886 0.11093047817047816 0.1409615770171149
0 0.306939553014553 0.5588722738386308 0.18707799722799723 0.32835814180929096
0 0.5833261746361746 0.48175794621026896 0.07614737352737354 0.19402933985330073
0 0.6754549480249481 0.496683533007335 0.1250318918918919 0.35323440097799513
0 0.7318604504504505 0.686567053789731 0.21528072072072071 0.6069654034229829
0 0.7581829660429662 0.3955220904645476 0.0648662785862786 0.2902149877750611
0 0.8841550103950103 0.3955223777506113 0.10058949410949411 0.16086233496332517
0 0.9687631947331948 0.3922055134474327 0.057345405405405406 0.11442760391198045
0 0.8850953465003465 0.8076285268948655 0.22468133749133748 0.3747927017114914