0 0.1939507371794872 0.5091209446254071 0.06713654761904761 0.20232084690553745
0 0.14872664835164837 0.53316753257329 0.05688003663003663 0.20398001628664494
0 0.1063 0.5190713110749186 0.04475789377289377 0.17910447882736158
0 0.09650928113553113 0.5646766205211726 0.04009548534798535 0.18076285016286645
0 0.033568305860805864 0.5091214495114007 0.05035239926739927 0.23548999999999998
0 0.07086666666666668 0.6434493648208469 0.09697543956043957 0.36815931596091206
0 0.5291687362637363 0.6932005048859934 0.17623395604395606 0.4245436156351792
0 0.21726238095238096 0.6791048778501628 0.1491931868131868 0.3101152931596091
0 0.2568917445054945 0.6782752442996743 0.06060949633699633 0.24875570032573288
0 0.34687387362637356 0.7678273615635179 0.11189510989010988 0.22885667752442998
0 0.3296232097069597 0.6351571661237785 0.08858341575091576 0.24212214983713357
0 0.31610260531135526 0.5464348534201954 0.06154204212454212 0.15091205211726383
0 0.37251648351648353 0.543118013029316 0.06247435897435897 0.2106141368078176
0 0.41587558608058606 0.585406351791531 0.04848743589743589 0.11940228013029316
0 0.4210040613553114 0.5215588843648208 0.04196074175824176 0.12106138436482083
0 0.43265960622710625 0.6633498045602605 0.06340712454212453 0.19568801302931596
0 0.5016611721611721 0.5845769381107492 0.05408241758241758 0.10779400651465798
0 0.5958393040293041 0.6459370439739414 0.04102842490842491 0.21393047231270357
0 0.5352299175824176 0.5895522394136807 0.037298406593406594 0.15422884364820846
0 0.5977042124542125 0.596185667752443 0.061542124542124536 0.19402931596091205
0 0.5841839880952381 0.5124381107491857 0.055014496336996344 0.1625211726384365
0 0.7114641987179487 0.7412935342019543 0.07646171245421245 0.1824212377850163
0 0.6447932051282051 0.5489223289902281 0.04569080586080586 0.19900550488599347
0 0.9082121611721611 0.5630185586319219 0.05035289377289377 0.19734724755700325