0 0.2359375 0.6398148148148148 0.12604166666666666 0.22037037037037038
0 0.44993489583333335 0.6552083333333333 0.10403645833333333 0.580787037037037
0 0.6365885416666667 0.5824074074074074 0.09348958333333333 0.5574074074074075
0 0.2984375 0.46944444444444444 0.07604166666666666 0.2351851851851852
0 0.196875 0.40185185185185185 0.06875 0.23333333333333334
0 0.34427083333333336 0.30648148148148147 0.03229166666666667 0.1388888888888889
0 0.40625 0.3277777777777778 0.03958333333333333 0.13333333333333333
0 0.134375 0.5287037037037037 0.10208333333333333 0.17962962962962964
0 0.12369791666666667 0.38310185185185186 0.0625 0.1736111111111111
0 0.06868489583333333 0.47453703703703703 0.07747395833333333 0.14351851851851852
0 0.4544270833333333 0.3107638888888889 0.03125 0.11921296296296297
0 0.3733723958333333 0.41724537037037035 0.064453125 0.11689814814814815
0 0.48046875 0.4461805555555556 0.05859375 0.15162037037037038
0 0.8981119791666666 0.3900462962962963 0.07486979166666667 0.16435185185185186
0 0.5406901041666666 0.34953703703703703 0.039713541666666664 0.08101851851851852
0 0.5846354166666666 0.36944444444444446 0.036458333333333336 0.11296296296296296
0 0.443359375 0.4027777777777778 0.040364583333333336 0.1087962962962963