0 0.5486619718309859 0.6132812486992716 0.22540103780578205 0.7604166701352757
0 0.7133069607116382 0.56315104578564 0.11130898443291327 0.5429687513007284
0 0.3910667457375834 0.59804691987513 0.17364263899184582 0.6502603329864725
0 0.05658228317272053 0.3815102809573361 0.10574425500370645 0.18749972944849116
0 0.1280425648628614 0.28148231009365243 0.09608068198665679 0.14463163371488036
0 0.7816834581171239 0.2647060978147763 0.09777763528539658 0.16440466181061394
0 0.5775323276501112 0.26319777315296566 0.0934794514455152 0.16138801248699272
0 0.48835063009636775 0.20362540582726327 0.05264936990363232 0.11765805411030177
0 0.5775326167531505 0.24358974505723205 0.09133061527057079 0.15535445369406867
0 0.6742354262416604 0.33484171696149845 0.09133048183839881 0.15987952133194588
0 0.21868050407709413 0.35639958376690944 0.13491475166790215 0.16337148803329865
0 0.30096367679762787 0.2892819979188345 0.08154188287620459 0.10822060353798127
0 0.32283172720533726 0.27055150884495316 0.06300963676797627 0.08532778355879292
0 0.5433654558932542 0.3522372528616025 0.12008895478131949 0.14880332986472425