0 0.6491956681350954 0.5134961253854059 0.2791446402349486 0.5308483658787255
0 0.8764599339207048 0.4370181140801644 0.228641718061674 0.36503879753340185
0 0.437082261380323 0.5038561151079137 0.24241550660792952 0.3830339157245632
0 0.12533994126284878 0.34125977903391574 0.09457856093979441 0.1323910277492292
0 0.20752235315712186 0.3508997430626927 0.0752959691629956 0.12339331963001028
0 0.3911701762114537 0.3534703648509763 0.10100638766519823 0.27506412127440905
0 0.8149378634361234 0.39588688591983556 0.12212590308370043 0.21079691675231244
0 0.6900572466960352 0.3129818139773895 0.12396237885462555 0.1915163309352518
0 0.9383428781204111 0.3341433710174717 0.10763582966226137 0.36208941418293933
0 0.2543333333333333 0.30498181911613564 0.10763582966226137 0.15552865364850976
0 0.3515530910425844 0.3226004059609455 0.1093720704845815 0.12758233299075025
0 0.37325403817914826 0.25151901336074 0.10069162995594713 0.1190770811921891