0 0.41015625 0.3784722222222222 0.053385416666666664 0.11805555555555555
0 0.2850260416666667 0.6796296296296296 0.13046875 0.5259259259259259
0 0.7106119791666666 0.34085648148148145 0.044921875 0.17708333333333334
0 0.7626953125 0.3541666666666667 0.052734375 0.12037037037037036
0 0.8971354166666666 0.36689814814814814 0.08333333333333333 0.1550925925925926
0 0.3857421875 0.27719907407407407 0.031901041666666664 0.12152777777777778
0 0.06380208333333333 0.4855324074074074 0.046875 0.29976851851851855
0 0.173828125 0.3726851851851852 0.052083333333333336 0.1087962962962963
0 0.13072916666666667 0.5394675925925926 0.065625 0.3678240740740741
0 0.20768229166666666 0.31539351851851855 0.048177083333333336 0.10069444444444445
0 0.3356119791666667 0.34837962962962965 0.052734375 0.10185185185185185
0 0.6614583333333334 0.34085648148148145 0.044270833333333336 0.09606481481481481
0 0.032552083333333336 0.35127314814814814 0.03515625 0.09837962962962964