0 0.22918602040816324 0.3552919368723099 0.10215703153988868 0.26789612625538023
0 0.14192899814471244 0.2749214275466284 0.0927643970315399 0.15386084648493545
0 0.4772291233766234 0.2871986728837877 0.06948694805194805 0.18177548063127688
0 0.4879409999999999 0.6879480000000001 0.18181799999999992 0.618364
0 0.10170946196660482 0.5114299713055954 0.16949408163265306 0.7703499282639885
0 0.679963 0.5222379999999999 0.17439699999999997 0.639885
0 0.8226141465677179 0.5265345121951219 0.13687929499072357 0.5365999856527978
0 0.74026 0.303443 0.07235620000000006 0.182209
0 0.9368339935064935 0.3748353658536585 0.08562885899814472 0.23056671449067434
0 0.45574936920222636 0.4723321449067432 0.04429701298701299 0.1831354519368723
0 0.5980114378478665 0.31949927546628404 0.04600124304267161 0.19367576757532282
0 0.21756568645640073 0.25428180774748926 0.051789999999999996 0.13175202295552366
0 0.37816217068645647 0.34722246771879484 0.08181851576994434 0.24382766140602583