0 0.44347253931544867 0.2715077148997135 0.09138587419056429 0.15039356733524356
0 0.7302423311748382 0.33207535100286534 0.08953185938945421 0.1610642836676218
0 0.3124729972247919 0.33283794412607454 0.08285518963922295 0.3916311031518625
0 0.865948085106383 0.631535 0.16534118408880666 0.7307571633237822
0 0.887057150786309 0.34670500716332375 0.07417369102682701 0.1805160028653295
0 0.15563102682701205 0.5447530873925501 0.21958882516188713 0.9043209885386819
0 0.6606451480111007 0.6512894627507164 0.2690410083256244 0.6912482378223496
0 0.6380420906567992 0.24769412607449856 0.08507215541165587 0.1528323782234957
0 0.650467987974098 0.48919752865329513 0.22562265494912118 0.28703703438395417
0 0.547049953746531 0.3503088108882521 0.11160222016651249 0.3333336676217765
0 0.9605763182238668 0.3217591905444126 0.07572987974098058 0.2237652865329513