0 0.9483832025677602 0.5694444050991502 0.08392760342368046 0.22222167138810198
0 0.7997613338088445 0.8266667847025496 0.19513211126961483 0.3383335694050991
0 0.7242262446504992 0.6687498831444759 0.11679929386590585 0.24583309490084987
0 0.5276954350927247 0.8090279745042493 0.17135235378031383 0.35138881019830026
0 0.3850183470042796 0.5486110339943343 0.07203812054208274 0.2083331728045326
0 0.33221380171184023 0.6152776203966005 0.09511804564907275 0.20555524079320114
0 0.30004160663338086 0.6683332152974505 0.1342843544935806 0.4033335694050991
0 0.2171629029957204 0.7451388101983003 0.15037034236804564 0.4569447592067989
0 0.4927256294579172 0.524375 0.1000137910128388 0.30874999999999997
0 0.5832977888730385 0.5645834915014164 0.07413623395149785 0.15972253541076487
0 0.03252193295292439 0.738888888101983 0.06084771754636233 0.32777777620396603