0 0.3355285062402496 0.1496642857142857 0.1108166224648986 0.2805367346938775
0 0.5530577223088924 0.3228188775510204 0.13749453978159126 0.41745
0 0.528945007800312 0.17382542346938773 0.10979017160686427 0.25637568367346936
0 0.7146657566302652 0.19530204081632652 0.11389469578783151 0.31275102040816327
0 0.7577610491419656 0.6549907346938776 0.3109026443057722 0.6227331428571428
0 0.9070557722308892 0.22483238775510206 0.08824258970358814 0.1328862448979592
0 0.8706298751950078 0.30604030612244904 0.15083385335413416 0.4161071428571429
0 0.5766578627145085 0.26174489285714286 0.1580161934477379 0.22818776530612245
0 0.3996585920436817 0.4657719387755102 0.2103468252730109 0.2791948979591837
0 0.18366848673946956 0.6556713061224491 0.30577223088923555 0.6724160816326531
0 0.0641298751950078 0.22550340816326533 0.12620826833073323 0.31140951020408164
0 0.22471177847113888 0.22349030612244897 0.12723478939157568 0.20268469387755103