0 0.5152173913043477 0.19731540084388186 0.11559006211180124 0.21476582278481013
0 0.41049417701863355 0.22483227848101264 0.14522903726708075 0.17852320675105487
0 0.5740005434782609 0.41342268459915615 0.1936386645962733 0.252348723628692
0 0.7029285714285713 0.22214767932489451 0.11361490683229815 0.2832215189873418
0 0.7261451863354037 0.16979905063291137 0.08101242236024844 0.19731540084388186
0 0.8071574029503106 0.1966442299578059 0.09681946428571428 0.14630858649789028
0 0.8985430900621117 0.20335601265822784 0.11954270186335404 0.20268459915611817
0 0.8624825310559007 0.3449662447257384 0.16202406832298138 0.22281856540084388
0 0.36356663819875773 0.44362447257383963 0.19561464285714286 0.26174472573839663
0 0.24797603260869563 0.6671142774261604 0.2983620031055901 0.6416111075949368
0 0.1047228260869565 0.32617457805907174 0.1877111801242236 0.35704746835443035
0 0.25489208074534164 0.20738249472573841 0.12250621118012424 0.19194642405063292