0 0.053534829059829064 0.27842222921914356 0.10549529914529915 0.5522046599496221
0 0.14761431623931626 0.21635718513853902 0.10943119658119659 0.1937352518891688
0 0.28027051282051285 0.29292357682619646 0.18894615384615385 0.3584689672544081
0 0.30231416666666666 0.26682147355163727 0.1732007264957265 0.5266819899244333
0 0.16139170512820514 0.3834108942065491 0.3086124700854701 0.7180976070528967
0 0.5109425705128204 0.33062657430730474 0.237757594017094 0.6612531486146095
0 0.5144852670940171 0.5005800755667507 0.37710557692307695 0.9918792947103274
0 0.9297736559829061 0.2267979911838791 0.1165167905982906 0.2656609445843829
0 0.6554079230769231 0.18735501889168765 0.06849316239316239 0.21693702770780854
0 0.8156185811965811 0.412993073047859 0.2188628376068376 0.4269143576826197
0 0.7616901837606838 0.3143849937027708 0.22752291452991455 0.331786523929471