0 0.24954791338582677 0.7464939788732394 0.12414043307086614 0.41745978873239437
0 0.17100975393700785 0.8209969718309859 0.16805494094488188 0.34290028169014086
0 0.8685617618110236 0.8844411267605633 0.2001441929133858 0.21299098591549295
0 0.9002312992125984 0.7666161971830987 0.17396653543307086 0.21903521126760564
0 0.7321761811023622 0.3362931690140845 0.07600590551181102 0.2911601408450704
0 0.9610347736220473 0.37635088028169017 0.06080446850393701 0.3418256338028169
0 0.6263078149606298 0.23187286971830987 0.06019043307086614 0.3217527816901409
0 0.2560028248031496 0.35498591549295777 0.0706951377952756 0.16314084507042254
0 0.4222470472440945 0.48334052816901407 0.09120669291338582 0.35338528169014083
0 0.3466643700787402 0.6072085211267605 0.10049409448818898 0.41079028169014087
0 0.5451208366141732 0.5226602112676056 0.10218352362204725 0.5045316901408451
0 0.3318928838582677 0.30921839788732397 0.08155257874015749 0.16404207746478874
0 0.4028238188976378 0.22054401408450705 0.10471850393700788 0.22658802816901408
0 0.06291437007874015 0.5362533274647887 0.07853740157480314 0.1782468661971831
0 0.5784783464566929 0.32085227112676057 0.11147244094488189 0.267084823943662
0 0.6883887696850393 0.4212272007042253 0.08622242125984252 0.24212271126760562
0 0.9331496062992125 0.5746263908450704 0.11588976377952756 0.19402890845070422