0 0.14349409456740442 0.790785487804878 0.1299735814889336 0.40030212543554006
0 0.259946740442656 0.7341398257839721 0.10816631790744467 0.3806629268292683
0 0.4989567404426559 0.7764355400696864 0.12212273641851107 0.4229616724738676
0 0.6380894164989939 0.6140487804878048 0.09856937625754526 0.29154006968641116
0 0.5033193259557345 0.33987780487804875 0.0872309657947686 0.26586062717770037
0 0.7078741247484909 0.24622473867595818 0.05321050301810865 0.2507560975609756
0 0.21284205231388328 0.3716010452961673 0.07676257545271631 0.15408013937282228
0 0.35371923541247485 0.4516614285714286 0.05844482897384306 0.19335310104529616
0 0.40605702213279676 0.19486411149825786 0.04972096579476861 0.16918466898954704
0 0.5582742354124749 0.3104224216027875 0.05757225352112676 0.24622463414634146
0 0.6633863179074446 0.49244773519163765 0.04972233400402414 0.2688815331010453
0 0.03620020120724347 0.5430505226480836 0.0654225352112676 0.10725087108013936
0 0.3401981891348088 0.3051358536585366 0.040126760563380284 0.09063421602787457
0 0.369420523138833 0.27718989547038325 0.03402012072434608 0.08610104529616724
0 0.45490643863179075 0.5196376306620208 0.07240040241448692 0.20845993031358886