0 0.23714376816171828 0.5354984894613584 0.17113502842703726 0.34592145199063234
0 0.17194973152242576 0.25604229508196724 0.06356427668982943 0.2673715925058548
0 0.08760466203411245 0.16238653395784544 0.051340341124447256 0.2099701405152225
0 0.321488916614024 0.16465257025761124 0.05460018319646241 0.19033233021077284
0 0.3838308464939987 0.33006042154566745 0.08149274794693619 0.4969788524590164
0 0.46124889450410606 0.3058911007025761 0.08638281743524953 0.36707025761124124
0 0.5655596936197095 0.38368574941451994 0.12386893872394188 0.3323261826697892
0 0.852006686670878 0.2643506674473068 0.08393753000631712 0.24169203747072598
0 0.7248777637397348 0.21299121779859484 0.07415855969677827 0.3262845433255269
0 0.8128901674036639 0.15105741217798593 0.06926883765003158 0.1963746370023419
0 0.6238271383449147 0.13670714285714286 0.07415869867340492 0.20392709601873535
0 0.6763896746683512 0.3542296077283372 0.0880124510423247 0.29154078454332555
0 0.40053685723310173 0.12311156908665107 0.07089869235628553 0.20997021077283373
0 0.5545581174984208 0.09818731264637001 0.04645041061276058 0.181268887587822
0 0.4889564118761844 0.0725076112412178 0.05704485154769426 0.1359519906323185
0 0.5520942072015161 0.24962306791569086 0.10496731522425774 0.21266997658079625