0 0.0796003616636528 0.5093043143297381 0.10287703435804701 0.21155778120184898
0 0.2120754972875226 0.6346720724191063 0.09310578661844485 0.378061093990755
0 0.3002964602169982 0.6826633281972265 0.10862407775768534 0.4466209553158706
0 0.18391365280289332 0.42409398305084745 0.09770433996383364 0.12340833590138675
0 0.23937477396021697 0.3491679506933744 0.08448553345388789 0.08521109399075501
0 0.30518147377938515 0.31635670261941445 0.0678178842676311 0.10969645608628659
0 0.3727123101265823 0.33692449922958395 0.06839273960216999 0.11557164869029275
0 0.43650723327305607 0.30607241910631744 0.06494394213381556 0.07541756548536209
0 0.4362201627486438 0.27668952234206473 0.05172603978300181 0.08129275808936826
0 0.3275962929475587 0.44270358243451463 0.12069349005424955 0.15083320493066255
0 0.41782866184448464 0.38001926040061634 0.07011663652802894 0.10969645608628659
0 0.5026012658227849 0.47551386748844376 0.09368173598553345 0.3006856702619415
0 0.8428413200723326 0.4466209553158706 0.08793399638336347 0.14299845916795068
0 0.7942766726943943 0.5151814252696456 0.105750452079566 0.1567095685670262