0 0.757299 0.535831 0.07846719999999992 0.1661239999999999
0 0.3098810447080292 0.5187299918566776 0.08691508211678833 0.193810993485342
0 0.677464 0.4381109999999999 0.03558389999999998 0.08469059999999994
0 0.5214420000000001 0.42752399999999996 0.03193430000000008 0.14495100000000008
0 0.5378650000000001 0.546417 0.06295619999999995 0.258958
0 0.203011 0.4381109999999999 0.07937959999999998 0.27035799999999993
0 0.166515 0.710912 0.11040100000000001 0.555375
0 0.08485400000000001 0.634365 0.08759120000000001 0.40227999999999997
0 0.710766 0.7052120000000001 0.11861300000000004 0.49185700000000004
0 0.41704471715328467 0.42262540716612373 0.04991421532846715 0.148885993485342
0 0.8633153649635037 0.6242671009771987 0.08997693430656935 0.3856970684039088
0 0.9772636861313868 0.4325903908794788 0.04334671532846716 0.1570928338762215
0 0.6416578467153284 0.41676384364820845 0.027583941605839414 0.1371628664495114