0 0.6187622490875913 0.43150291385135137 0.027670903284671533 0.15692383445945945
0 0.7203469999999998 0.744932 0.12865000000000001 0.503378
0 0.5355839999999998 0.561655 0.07299269999999994 0.30912199999999995
0 0.156934 0.749155 0.113139 0.501689
0 0.07755469890510949 0.6353560050675676 0.07664229927007299 0.6659820101351351
0 0.20529199999999997 0.481419 0.10583899999999999 0.29054100000000005
0 0.36252474908759125 0.5357561570945946 0.05002531934306569 0.22039859797297295
0 0.42268156934306567 0.46424324324324323 0.07535401459854014 0.2110202702702703
0 0.47587271897810224 0.41266145270270266 0.036093978102189776 0.14068047297297295
0 0.6610931614963503 0.4718640202702703 0.07092172445255475 0.13481925675675677
0 0.8789243430656933 0.6553344763513513 0.12791226277372264 0.4196959121621622
0 0.9596613686131388 0.5064478293918919 0.0753542700729927 0.135990625
0 0.7411970027372262 0.45252027027027025 0.06775531934306568 0.0797195945945946