0 0.7562541385597082 0.5609613095238095 0.07477710118505014 0.16764360544217685
0 0.727894 0.44983 0.055606199999999974 0.0901361
0 0.29249004557885144 0.43452399659863944 0.045830902461257976 0.212585
0 0.429809 0.46003400000000005 0.06836830000000002 0.1921769999999999
0 0.4334549999999999 0.619048 0.14858699999999994 0.32993199999999995
0 0.52051 0.43112199999999995 0.034639899999999973 0.12074799999999994
0 0.482224 0.43112199999999995 0.038286199999999965 0.16496599999999992
0 0.714676 0.7431969999999999 0.11850500000000004 0.5136049999999999
0 0.09845030082041932 0.550036369047619 0.07474929808568824 0.5388487244897959
0 0.540565 0.581633 0.07657249999999997 0.27891200000000005
0 0.20966299999999996 0.461735 0.10574300000000002 0.27381000000000005
0 0.9560785688240656 0.504689693877551 0.07352016408386508 0.12544034013605443
0 0.8596225205104833 0.4513481802721088 0.045243217866909755 0.05158265306122449
0 0.8225481130355514 0.4847602040816326 0.05027033728350046 0.11606122448979592
0 0.596959936189608 0.5257916666666667 0.0678651777575205 0.16295408163265304
0 0.5633418413855971 0.43376360544217685 0.035817684594348226 0.09847619047619048
0 0.45243265724703735 0.44255568877551027 0.03644553327256153 0.130128962585034