0 0.6449789835916134 0.4183886689419795 0.030159462169553328 0.12688034129692832
0 0.2842353463992707 0.5025600085324232 0.07874970829535095 0.33276500000000003
0 0.43254299999999996 0.523891 0.0720146 0.28668899999999997
0 0.8667160255241568 0.6656303583617748 0.06889144940747494 0.4131707167235495
0 0.589335 0.453072 0.051959899999999885 0.16211600000000007
0 0.7749972105742936 0.42408774744027306 0.05318422971741112 0.15534150170648464
0 0.543878094804011 0.5405544709897612 0.06447731996353692 0.21080194539249147
0 0.21381024612579766 0.5075319368600683 0.09216009115770282 0.22725612627986347
0 0.5200550045578852 0.45462724402730376 0.04284410209662717 0.1857044880546075
0 0.0875114 0.614334 0.07292619999999998 0.638225
0 0.327712 0.711604 0.16134899999999994 0.56314
0 0.715132 0.715017 0.11394700000000002 0.52901
0 0.17547900000000002 0.700512 0.12124000000000003 0.5989759999999998
0 0.03193846855059252 0.6582645051194539 0.0588669097538742 0.43727986348122866
0 0.5019325706472196 0.43141894197952224 0.05824071103008204 0.1359914675767918
0 0.7602573290793072 0.5715125682593857 0.07389660893345489 0.1840567747440273
0 0.950321709206928 0.5070342320819113 0.05824050136736555 0.12544010238907852
0 0.9750578851412944 0.4613130716723549 0.04884685505925251 0.18171174061433448