0 0.04712615101289134 0.5622548872180452 0.08824861878453039 0.20293984962406017
0 0.11646408839779006 0.506372932330827 0.06123388581952118 0.1558827067669173
0 0.14978270718232042 0.5348037593984962 0.06663723756906077 0.1637248120300752
0 0.178298802946593 0.505881954887218 0.042023020257826886 0.18235338345864663
0 0.2032122467771639 0.7147056315789475 0.14468047882136278 0.19607893233082707
0 0.3346850828729282 0.7343142857142857 0.12426887661141804 0.2039218045112782
0 0.2950630755064457 0.6147060150375939 0.08464732965009208 0.22352932330827066
0 0.3177019337016575 0.5588233082706767 0.07440325966850829 0.2176466165413534
0 0.3879466298342541 0.5284315789473684 0.07230394106813996 0.2098045112781955
0 0.34068834254143643 0.5249997218045113 0.05102861878453038 0.181371984962406
0 0.5297932780847145 0.6436278195488723 0.16028821362799264 0.4284315789473684
0 0.4869315561694291 0.5255163984962407 0.046949668508287294 0.15674362406015038
0 0.4424447513812155 0.6436278195488722 0.08524677716390423 0.18725563909774437
0 0.6718614686924493 0.600249932330827 0.11755715469613259 0.2259885864661654
0 0.9545281031307551 0.691666917293233 0.07324029465930018 0.4637248120300752
0 0.9297398941068139 0.585614052631579 0.07649312154696132 0.1653453984962406
0 0.5770434300184161 0.5112744360902256 0.0573827532228361 0.19706015037593982
0 0.6017371224677716 0.5931370601503759 0.07403269797421731 0.15098001503759398
0 0.631249079189687 0.5211500676691729 0.04982780847145488 0.21848482706766917
0 0.07365904696132597 0.5516402406015039 0.04017813075506446 0.16281876691729322