0 0.03979619565217392 0.5833335787923417 0.06873913043478261 0.16078497790868926
0 0.1579796195652174 0.5578430927835052 0.08321105072463768 0.1098040058910162
0 0.19717346014492754 0.5387253313696613 0.05668025362318841 0.11666715758468335
0 0.08200498188405797 0.5475486008836524 0.07115126811594204 0.12058762886597939
0 0.23908016304347826 0.6921572901325478 0.08622554347826086 0.12549042709867453
0 0.33103396739130436 0.7328431516936672 0.1290371376811594 0.19902061855670103
0 0.29003170289855074 0.6191178203240059 0.056679347826086954 0.23823564064801178
0 0.31475407608695655 0.580495559646539 0.05547373188405797 0.12332405007363771
0 0.38375076992753626 0.5495095729013254 0.04410534420289856 0.17941089837997054
0 0.35684058423913045 0.5571081369661267 0.04857515398550725 0.13730254786450663
0 0.43263577898550726 0.6284307805596465 0.06572445652173912 0.14117673048600882
0 0.6472954211956522 0.5909558173784978 0.07657816123188406 0.22200883652430045
0 0.9355181159420289 0.7465684830633285 0.06934239130434783 0.35000000000000003
0 0.5643861820652174 0.6897054491899853 0.0820048097826087 0.20098085419734907
0 0.8996410643115942 0.5661767304860088 0.04823779891304348 0.1637260677466863