0 0.7047856489945156 0.4299552794561934 0.08898811700182815 0.19891421450151056
0 0.7501695612431444 0.3889374395770393 0.045680987202925044 0.13388947129909365
0 0.7626275137111517 0.34362764350453173 0.05635923217550274 0.12254833836858005
0 0.5819818967093237 0.43382401812688826 0.05101975319926874 0.28529456193353475
0 0.6738983089579524 0.2854563217522659 0.04805393053016453 0.16022004531722053
0 0.6840214808043876 0.27450981873111785 0.048646252285191954 0.18431268882175228
0 0.43426188299817187 0.35833308157099697 0.07593692870201098 0.19117673716012085
0 0.3369680073126143 0.308333081570997 0.05457952468007313 0.10490181268882175
0 0.45621206581352836 0.31127492447129906 0.05576599634369287 0.1323534743202417
0 0.5431238574040218 0.25098036253776435 0.03618921389396709 0.1
0 0.43441412705667276 0.6009803172205438 0.11004011882998171 0.40784299093655585
0 0.1781296663619744 0.41307728851963743 0.021664213893967093 0.10458660120845921
0 0.8258090219378428 0.40637311178247737 0.07000352833638025 0.1421570996978852