0 0.1256933665559247 0.6929046533923304 0.07824620155038758 0.43680709439528026
0 0.23781944629014398 0.6331782817109144 0.09512735326688816 0.31735435103244836
0 0.2933385160575858 0.7906866371681417 0.1471664673311185 0.40957840707964605
0 0.37711406423034327 0.5935147492625369 0.0838028792912514 0.2760176991150442
0 0.48404431339977855 0.7130149852507375 0.1539951827242525 0.567936843657817
0 0.8448924861572535 0.7334157522123894 0.1631516611295681 0.5422195280235989
0 0.6347098726467331 0.6945700589970502 0.11237487264673311 0.44494837758112094
0 0.7013363510520486 0.6042128539823008 0.10578355481727575 0.27272727138643066
0 0.9014495681063123 0.6552786651917405 0.1336312292358804 0.2638016371681416
0 0.8856803986710964 0.5105578171091446 0.03995550387596899 0.18853746312684366
0 0.45844565337763005 0.641364587020649 0.0969796788482835 0.3506041592920354
0 0.38457187707641194 0.48614233038348087 0.08157606866002215 0.3447890855457227