0 0.193264800861141 0.4964005794947994 0.11827987082884824 0.17461934621099556
0 0.2518472389666308 0.5708520208023774 0.16933925726587729 0.26086005943536406
0 0.47546058127018304 0.37672943536404163 0.07228286329386437 0.12902448736998512
0 0.32480230355220663 0.4560068350668648 0.10906473627556512 0.22312855869242196
0 0.6570132723358449 0.7443438930163447 0.250665382131324 0.5113122139673105
0 0.4954343003229279 0.7571641901931649 0.1801137244348762 0.48567161961367017
0 0.670254833153929 0.3665154829123328 0.07302180839612486 0.12066294205052006
0 0.8489985145317546 0.6990025705794949 0.17264047362755652 0.6019962852897475
0 0.7493323035522066 0.41971007429420504 0.10922742734122712 0.14097224368499256
0 0.5743344564047363 0.463779338781575 0.1652728310010764 0.18254759286775632
0 0.9347723358449946 0.4218175037147102 0.06009580193756728 0.15183898959881129
0 0.8455796017222821 0.4497853417533432 0.10736144241119484 0.1833844427934621
0 0.27259175995694296 0.3923077488855869 0.08451723358449946 0.13076934621099554