0 0.08749655410062027 0.78990234375 0.08534183321847003 0.4136796875
0 0.1396498966230186 0.6425084635416666 0.10172019297036526 0.26221484375
0 0.1814583046175052 0.7638434505208332 0.11637491385251551 0.449511015625
0 0.2538694004135079 0.7719868489583334 0.1112026188835286 0.4527684895833333
0 0.34826257753273604 0.617263671875 0.06551481736733288 0.18241015625
0 0.37670985527222606 0.6506516927083333 0.11206478290833907 0.22638411458333332
0 0.3542968228807719 0.84364802734375 0.11551283252929014 0.30618928385416666
0 0.4435175740868367 0.6302929687500001 0.06120468642315645 0.16938020833333334
0 0.48661922811853897 0.5993483072916667 0.05775671950379049 0.21824088541666667
0 0.6254071674707098 0.7646582161458332 0.08189342522398346 0.4576542708333333
0 0.5590306685044797 0.6278502604166667 0.08361750516884907 0.11563541666666667
0 0.4676543762922123 0.8493483072916667 0.08361750516884907 0.29478776041666666
0 0.4948087525844245 0.8371337174479166 0.11034114403859406 0.31270391927083335
0 0.5257530840799449 0.7697447395833333 0.08553511371467953 0.4483594791666667