0 0.11291857883049593 0.7504346314325452 0.09070466321243524 0.49217385257301804
0 0.12402516654330126 0.5104353268428373 0.06293856402664692 0.27999999999999997
0 0.20825129533678757 0.513913073713491 0.07404515173945225 0.2660876216968011
0 0.2202838638045892 0.7513045897079277 0.1369837157660992 0.4660862308762169
0 0.28461056254626205 0.7730435118219751 0.11939729089563285 0.4504347287899861
0 0.37624093264248704 0.7756522948539638 0.13420651369356032 0.4382614742698192
0 0.4364026646928202 0.68 0.15827091043671354 0.6295660639777468
0 0.5109105810510732 0.7121738525730181 0.11662056994818654 0.5686954102920723
0 0.2827593079200592 0.5556523574408901 0.06201267949666913 0.2417387621696801
0 0.6539098260547742 0.6947830319888734 0.0971840488527017 0.6069568845618915
0 0.7830257290895634 0.49565193324061196 0.09070501850481125 0.24347777468706536
0 0.7353593967431532 0.6295653685674547 0.08237521095484826 0.25043532684283726