0 0.30634073013600577 0.3968422077922078 0.04409448818897638 0.09473636363636365
0 0.291255905511811 0.46315779220779224 0.06034001431639227 0.13894675324675326
0 0.08992960629921261 0.3936842077922078 0.054537809591982817 0.0926315844155844
0 0.13402396564065855 0.5042103896103896 0.0986322548317824 0.17894805194805194
0 0.6051387544738726 0.6445328376623376 0.12183988546886185 0.2953814675324675
0 0.8389556191839657 0.45578961038961036 0.07890622763063708 0.26736883116883114
0 0.72407775948461 0.46421038961038963 0.06266088761632069 0.1957896103896104
0 0.7728139441660701 0.4494737532467532 0.048735977093772365 0.13263171428571427
0 0.565685848246242 0.42842105194805197 0.0707832927702219 0.1831578961038961
0 0.4687940300644238 0.5431577922077921 0.07194363636363636 0.26526363636363637
0 0.4943223085182534 0.39684217532467536 0.03945273443092341 0.07789487012987013
0 0.45080802791696495 0.382104987012987 0.03597163206871868 0.06947314285714286
0 0.2547038403722262 0.3842107662337662 0.04293380816034359 0.07789425974025974
0 0.13924575161059413 0.4252631623376623 0.05801906227630636 0.11789474025974025
0 0.21409043664996422 0.44526298701298705 0.04293391553328561 0.13684285714285715