0 0.8150335806192199 0.4670969126738794 0.16381244471250503 0.5419357573415765
0 0.8291321330920788 0.5885773802163834 0.2322912706071572 0.8158644358578052
0 0.6260451266586249 0.5037279752704791 0.138971917973462 0.6235117928902627
0 0.5330614676316848 0.6393549729520865 0.2792866103739445 0.7032260819165379
0 0.5203055890631283 0.4038811012364761 0.09261983916365099 0.4412700540958269
0 0.40113882589465216 0.6291110741885626 0.1980518053880177 0.7033834312210201
0 0.4276575753920386 0.3470967735703246 0.08727716928025735 0.2451612905718702
0 0.3743751467631685 0.3500602395672334 0.12402036992360274 0.2562495054095827
0 0.19637339967832732 0.6870968122102009 0.3591786932046643 0.6025807187017002
0 0.2610842661841576 0.6282722527047914 0.20062945717732208 0.5654450309119011
0 0.2866716023321271 0.32451600463678515 0.056394422999597904 0.22580619783616693
0 0.2541105347808605 0.3180645170015456 0.047666706875753924 0.22580645285935086
0 0.16884749095295537 0.3335483346213292 0.10271852030558906 0.3393547372488408
0 0.117824041013269 0.3316129057187017 0.10406111781262566 0.25032258114374034
0 0.0840193586650583 0.5399998763523958 0.16314078407720145 0.4116126584234931