0 0.26124931297709925 0.6482756788511749 0.28072548091603056 0.6993078590078329
0 0.06682346755725191 0.51116363794604 0.12827397328244275 0.5139046127067015
0 0.1934185152671756 0.300153137510879 0.07656149618320611 0.31852986074847695
0 0.49764971946564884 0.4341500783289817 0.20550717175572522 0.7519142384682332
0 0.46407011641221374 0.2228177632724108 0.07387512595419847 0.26493108790252395
0 0.5822703606870229 0.27105665796344647 0.10208207251908398 0.43185298520452564
0 0.6840165190839694 0.493108729329852 0.16319687022900764 0.7810107223672759
0 0.7696445534351144 0.2840735248041776 0.18267313740458013 0.4977029416884247
0 0.8985901583969466 0.24662887293298522 0.08865010305343511 0.3431811749347259
0 0.9620556660305344 0.23087422976501307 0.07186041603053435 0.32086024369016536
0 0.6699130839694657 0.17917304612706703 0.08126264122137404 0.1776416536118364