0 0.10607691121143717 0.421121157779401 0.15583454477050412 0.651890292184076
0 0.12202491158765989 0.260104127100073 0.07751510534236268 0.3142108546384222
0 0.2192483295711061 0.30573655588020454 0.0946830474040632 0.449804273192111
0 0.3334051937547028 0.33311594594594596 0.08125282543265613 0.36636226442658876
0 0.29815094055680963 0.2770534915997078 0.06580821670428894 0.2516298027757487
0 0.2991581358164033 0.6742467640613586 0.25584567720090295 0.644451804236669
0 0.48214487208427387 0.48565829437545655 0.14907543265613243 0.6036503506208911
0 0.5895866139954853 0.32724903944485023 0.07923814898419865 0.3754889481373265
0 0.6712669939804364 0.5681806172388605 0.13076106847253574 0.849529415631848
0 0.7356402595936794 0.32945878013148283 0.10005513167795335 0.28501985390796203
0 0.8733000338600452 0.3396349780861943 0.07319464258841234 0.389830584368152
0 0.9676473118886381 0.2835724543462381 0.05237788186606471 0.32203408327246164
0 0.8773290744920992 0.24445893352812273 0.05842145221971407 0.23598435354273195