0 0.7769141055555555 0.697653350515464 0.4398651222222222 0.5938626656848306
0 0.14094765 0.5054151472754049 0.12664863333333334 0.46931403534609717
0 0.3799460222222222 0.39620946244477173 0.07081462222222222 0.14981966126656848
0 0.3009605722222222 0.4305051546391752 0.1361810777777778 0.4530692194403535
0 0.5215789777777777 0.46515276141384393 0.10623055555555556 0.43211058910162004
0 0.6339239833333334 0.35830337260677464 0.0313217 0.13176918998527246
0 0.6495844444444444 0.30505375552282765 0.04357777777777778 0.06498232695139912
0 0.6986100000000001 0.35649852724594994 0.03540666666666667 0.18953019145802652
0 0.6809066111111112 0.4738269513991164 0.15524655555555555 0.38447569955817384
0 0.16970277777777779 0.39035125184094255 0.09927 0.1817039764359352
0 0.02269 0.3615287187039764 0.04348888888888889 0.13909867452135494
0 0.9841815277777778 0.34398472754050075 0.02458138888888889 0.10150329896907216