0 0.486719 0.327315 0.04114579999999997 0.09907409999999993
0 0.24140599999999998 0.292593 0.03593749999999997 0.12963
0 0.5869789999999999 0.19305599999999998 0.032291700000000034 0.16203699999999996
0 0.229167 0.630093 0.06770830000000003 0.19907399999999997
0 0.30520800000000003 0.598148 0.06458330000000002 0.20925900000000003
0 0.3954487109375 0.2726510462962963 0.03963903645833333 0.15939605555555555
0 0.30059768489583333 0.46476481481481485 0.059458796875 0.1610740740740741
0 0.21660026041666666 0.4966439814814815 0.07455989583333333 0.191275
0 0.48605286458333335 0.2609060185185185 0.041526562499999996 0.10570462962962963
0 0.36713515625 0.25755046296296297 0.0339765625 0.07214722222222222
0 0.40394296874999996 0.2491611064814815 0.0339765625 0.08221482407407407