0 0.534375 0.36898099999999995 0.04687499999999994 0.12870400000000004
0 0.37526 0.255556 0.0265625 0.09999999999999998
0 0.203125 0.6203704999999999 0.07708330208333333 0.24074099999999998
0 0.51901 0.46713 0.06406249999999988 0.1842590000000001
0 0.678385 0.521759 0.0671875 0.21944399999999997
0 0.295573 0.6004629999999999 0.06510419999999992 0.20277799999999996
0 0.466667 0.5011785138888889 0.06145830208333333 0.19579197222222222
0 0.597656 0.43379599999999996 0.055729200000000034 0.16018499999999994
0 0.348177 0.7796300000000002 0.09427079999999996 0.27037
0 0.6164059999999999 0.58287 0.07135420000000003 0.21759300000000004
0 0.20475546875 0.4243843101851852 0.049457812500000004 0.14067952777777776
0 0.2555318567708333 0.40855818518518516 0.052095369791666665 0.1348185925925926
0 0.20508509375 0.3399766574074074 0.0487985625 0.11957816666666667
0 0.242672828125 0.2883939814814815 0.03692830208333333 0.11957870370370371
0 0.18563166927083335 0.31946066203703705 0.033631453125 0.10668243518518518
0 0.36466890104166666 0.36518157870370366 0.05011740625 0.11840536111111112
0 0.45072552083333334 0.23388055555555556 0.03099375 0.0973037037037037
0 0.5278796875 0.3053925925925926 0.045501041666666665 0.10433703703703703
0 0.6993333333333333 0.28898007407407406 0.042863541666666664 0.12778429629629628
0 0.6657018229166666 0.30187558796296293 0.049457812500000004 0.12778400925925926
0 0.6426217083333333 0.2549825046296296 0.03495033333333333 0.11371647222222223
0 0.6093200260416667 0.2796014814814815 0.03956619791666667 0.10433777777777778
0 0.5865694375 0.34466574074074074 0.052095499999999996 0.13833518518518517