0 0.07083655729166667 0.8040238472222223 0.13999603124999999 0.39195230555555555
0 0.1022727265625 0.6207153518518518 0.14418777604166666 0.29955290740740736
0 0.39274403906250005 0.35916542592592593 0.06119597395833333 0.16393442592592594
0 0.7561476171875 0.4567810462962963 0.09221326562500001 0.16840555555555553
0 0.5859724973958333 0.3636362083333334 0.051974796875 0.1222053611111111
0 0.48076565104166663 0.46795825462962964 0.07963859375 0.2205663611111111
0 0.845007578125 0.385991125 0.07544734375 0.15797330555555555
0 0.6119598541666667 0.46125173148148146 0.062034458333333334 0.2369595
0 0.22717954166666665 0.38002976388888887 0.08215341666666666 0.14903121296296296
0 0.17939653385416668 0.47242918055555555 0.08550693229166666 0.15797312037037037
0 0.34957153124999996 0.508196699074074 0.07377047916666667 0.2026825277777778
0 0.3994503515625 0.6944858611111111 0.12155346354166667 0.3725782777777778
0 0.36843341145833336 0.7921011620370371 0.12826026041666666 0.4068550833333333
0 0.6857302578125 0.5372575925925926 0.083830109375 0.1803274074074074
0 0.7356092213541667 0.74813725 0.17352843229166667 0.4798810555555555
0 0.4702868854166667 0.39195244907407406 0.08550670833333333 0.17287658333333333
0 0.5733980286458333 0.7399402453703704 0.17939665104166666 0.5052158055555556