0 0.0988392961418144 0.7988077504638219 0.17087471324296144 0.35469448051948055
0 0.47493119655891547 0.4668042857142857 0.09213832638164754 0.21527771799628942
0 0.6118822549530761 0.4627421753246753 0.06114634515119916 0.23397913729128014
0 0.8895537017726799 0.46646814935064934 0.07873618352450469 0.2146054452690167
0 0.8455785192909281 0.3859910064935065 0.07957393117831074 0.14306993506493507
0 0.5875911548488009 0.37853949907235623 0.0460689937434828 0.12518630797773656
0 0.46823018769551616 0.3845007977736549 0.06868456725755996 0.1341282745825603
0 0.4590164233576642 0.3599103988868275 0.07706100104275286 0.10581185528756958
0 0.2445852841501564 0.3479882050092764 0.04690659541188738 0.12071561224489795
0 0.22196954640250258 0.3964234461966605 0.07371054223149114 0.1460510667903525
0 0.1796697549530761 0.47615478664192945 0.09130074035453598 0.13561807050092764
0 0.7278928571428571 0.41132651669758813 0.09213816475495308 0.14903156771799628