0 0.38492216631355936 0.7126698221757322 0.2107906779661017 0.5505271966527197
0 0.5071197033898305 0.6274508368200836 0.10845021186440677 0.4313723849372385
0 0.6338996292372882 0.6674207426778243 0.1863511652542373 0.6591250418410043
0 0.7690805084745762 0.6990946652719665 0.11303283898305085 0.592760460251046
0 0.9290011281779661 0.6802416317991632 0.13959971398305085 0.5671192468619247
0 0.18874053230932203 0.665912400627615 0.0792318591101695 0.47209676778242676
0 0.5988605402542373 0.4660632374476988 0.02309751059322034 0.14781319037656906
0 0.6155699629237288 0.6078431380753139 0.09470306144067797 0.21417797071129707
0 0.8645474126059322 0.5113120711297071 0.05651640360169491 0.22624405857740587
0 0.5188757944915254 0.45494508368200837 0.03616790254237288 0.12747175732217572
0 0.6543676641949152 0.4478021966527197 0.018918792372881355 0.10219780334728033