0 0.07559171961325967 0.7277526402439024 0.14605912983425415 0.5384615487804878
0 0.23446305248618785 0.6251885304878049 0.07601864640883978 0.26093513414634145
0 0.8054590469613259 0.6711918353658536 0.08883107734806629 0.32880901219512193
0 0.3092005455801105 0.5776774390243903 0.07516490331491713 0.17496219512195121
0 0.7089404385359117 0.6168932926829268 0.07345684392265193 0.14781341463414632
0 0.34356316298342543 0.604337481707317 0.0803307458563536 0.18640064634146342
0 0.37078260013812153 0.785463 0.14671989640883978 0.4150057073170732
0 0.6642220303867403 0.5990620670731707 0.05908632596685083 0.1359905
0 0.77675153660221 0.5890975609756097 0.058422341160221 0.20515853658536584
0 0.8361695752762431 0.5638921463414635 0.020580863259668507 0.1266119512195122
0 0.8919365849447513 0.6014070304878049 0.06439754834254144 0.18757374390243903
0 0.5111954419889503 0.6488865853658536 0.06107734806629834 0.15357560975609758