0 0.07876514635806671 0.7307695136417556 0.1367569775357386 0.5294123368920522
0 0.23802615384615383 0.6289595077105575 0.07443760381211709 0.2503775444839858
0 0.3133291354663036 0.582397502965599 0.0727059223961879 0.16931989323843416
0 0.3453545200816882 0.610859418742586 0.0813617154526889 0.1749620403321471
0 0.7993357351940094 0.6727 0.08742027910142955 0.3227755634638197
0 0.37573339346494217 0.7831184697508896 0.14195147038801906 0.424384650059312
0 0.5123029271613343 0.654161328588375 0.06256637168141593 0.15240332147093713
0 0.6283529611980939 0.5867525860023725 0.04574744724302247 0.17467750889679715
0 0.6656907862491491 0.6084410735468565 0.058529659632402996 0.12661251482799527
0 0.6989921443158611 0.6793671411625148 0.09284014976174268 0.26611981020166076
0 0.7746769911504425 0.5967173309608541 0.057183798502382574 0.1899176512455516
0 0.8335430565010211 0.5668232502965599 0.022873723621511233 0.11840569395017794
0 0.8866906058543227 0.6078546322657177 0.06592988427501702 0.1840562633451957