0 0.37595503481894144 0.8071420118343196 0.19321527855153203 0.3769230769230769
0 0.5885692409470752 0.6637208086785009 0.12958575208913647 0.2505185404339251
0 0.891973447075209 0.6072681262327415 0.08361020891364902 0.15240260355029586
0 0.8385786142061282 0.6031653057199211 0.08774806406685237 0.16295428007889545
0 0.7657311142061282 0.6494724556213017 0.12417286908077994 0.2461899211045365
0 0.3302994359331476 0.5920279092702169 0.08774931754874651 0.17584950690335305
0 0.47930635097493035 0.48827658777120314 0.05298061281337048 0.13716280078895463
0 0.44329581476323116 0.516412741617357 0.07036380222841226 0.11840631163708086
0 0.38369303621169915 0.5070343096646943 0.07367520891364902 0.13247299802761342
0 0.13907381615598885 0.5252049309664695 0.10264902506963788 0.17116015779092703
0 0.6548036211699164 0.5381004635108482 0.06953760445682451 0.1336452268244576
0 0.5956149025069638 0.5433767258382644 0.06043036211699165 0.13716370808678502