0 0.206204 0.24958799999999998 0.07116789999999999 0.163097
0 0.609489 0.186161 0.032846699999999875 0.10214199999999998
0 0.5114049954379561 0.2915874217462932 0.06113139598540146 0.3031088467874794
0 0.14780999999999997 0.20428299999999996 0.05839420000000002 0.14497499999999997
0 0.176095 0.325371 0.09124090000000003 0.19275100000000003
0 0.067062 0.336079 0.0520073 0.22075799999999998
0 0.6555660000000001 0.165568 0.03923359999999996 0.11037899999999999
0 0.0707117 0.22158199999999997 0.0501825 0.13673800000000003
0 0.5848540009124088 0.3867316639209226 0.06569340328467153 0.29570431630971994
0 0.9785579999999999 0.2743 0.042883199999999864 0.18286700000000003
0 0.9635039999999999 0.5280070000000001 0.07299270000000005 0.41350900000000007
0 0.270073 0.282537 0.060218999999999995 0.22570000000000004
0 0.8881828147810219 0.3146620016474465 0.06487506386861314 0.16145
0 0.701642 0.14497499999999997 0.05109490000000006 0.151565
0 0.624544 0.6869849999999998 0.10857699999999992 0.61944
0 0.275547 0.4744650000000001 0.12226300000000002 0.31301500000000004