0 0.881105309155767 0.7599093934911243 0.15095939357907254 0.43714609467455623
0 0.7569239476813318 0.7219707840236685 0.13199514863258027 0.4518690828402367
0 0.8930153864447087 0.4297846597633136 0.0801071581450654 0.20271766272189348
0 0.812453192627824 0.386183424556213 0.08648005945303211 0.14269528106508877
0 0.8010743043995243 0.4354473890532544 0.08374913198573126 0.15062297337278105
0 0.7746750297265161 0.4507359541420118 0.10195488703923901 0.2083801627218935
0 0.6540587990487515 0.3850510281065089 0.07009405469678953 0.1721405473372781
0 0.5821443043995244 0.3607019082840237 0.07009426872770512 0.17100742603550298
0 0.5379940606420928 0.30181167899408284 0.04187432818073722 0.11891214497041419
0 0.5580209096313912 0.602491146449704 0.147470451843044 0.38505025147928995
0 0.48200990487514866 0.5424688313609468 0.10286518430439952 0.4280860059171598
0 0.44696293103448276 0.306908476331361 0.08010743162901308 0.08607062130177515
0 0.4064542568370987 0.2836921671597633 0.06463250891795481 0.10079318047337278
0 0.36321413793103446 0.25481315088757395 0.05097719381688466 0.07248020710059172
0 0.3217948097502973 0.28029445266272196 0.06463154577883472 0.08493772189349112
0 0.2567080737217598 0.3278593343195266 0.07100478002378122 0.15741742603550296
0 0.17113852556480383 0.4699887943786982 0.10013436385255647 0.29898099112426035
0 0.12107136741973841 0.37712352071005917 0.08921041617122473 0.14722633136094676
0 0.3964405766944114 0.4637599112426036 0.07009387633769322 0.3250283136094675
0 0.3126919797859691 0.550396375739645 0.12471266349583827 0.3646659171597633
0 0.24942515457788345 0.5164210724852071 0.10377513674197383 0.34654542899408286