0 0.24290189897100092 0.41279768718801996 0.10378273152478953 0.25481394342762065
0 0.16840780168381667 0.5934318968386023 0.21456886810102901 0.3827867886855241
0 0.15694698783910196 0.692525241264559 0.2222089242282507 0.3159678202995008
0 0.434230668849392 0.7695354326123128 0.2215723386342376 0.16194743760399335
0 0.3988936997193639 0.7072483111480865 0.1598122263797942 0.2842587853577371
0 0.41894969130028065 0.5917329617304492 0.18846357343311507 0.34767883527454246
0 0.3998488914873714 0.4665908569051581 0.16936302151543497 0.29671512479201334
0 0.3826579466791394 0.4139299667221298 0.15153536950420954 0.25707850249584024
0 0.5857657717492984 0.4983011980033278 0.12097360149672592 0.2785956073211314
0 0.6593045603367633 0.5753110399334442 0.1738193171188026 0.35107509151414307
0 0.7462143732460244 0.6970552329450915 0.18464328344246958 0.2819926955074875