0 0.1655509799833194 0.21552592122830444 0.042667998331943284 0.22449048064085447
0 0.29012369474562133 0.6448152603471295 0.15435811509591327 0.4672228838451269
0 0.29224045454545455 0.39690107476635517 0.10796144286905755 0.32419547396528703
0 0.3387755587989992 0.2729439853137517 0.0684996747289408 0.3623361148197597
0 0.5846874562135113 0.17569527369826432 0.060640967472894075 0.17975765020026702
0 0.9646809841534612 0.286054826435247 0.050521267723102586 0.283671041388518
0 0.687134070058382 0.33253873831775704 0.08915469557964971 0.27175208277703605
0 0.8070935404503753 0.39321025367156215 0.10277211843202669 0.3144300400534046
0 0.49745796914095086 0.33171324432576765 0.11024155963302752 0.2794653671562083
0 0.46907385321100925 0.690314385847797 0.1355102251876564 0.6003008945260346
0 0.19097998331943286 0.3222250734312416 0.06775479566305255 0.18272475300400534
0 0.3741420683903252 0.18131337783711615 0.09158075062552126 0.19737767690253671
0 0.43929148457047545 0.25508495994659547 0.04616261884904087 0.13106906542056077
0 0.5874591326105087 0.11859345794392523 0.06254295246038366 0.1728237650200267
0 0.8383761467889908 0.2847282443257677 0.07147789824854045 0.15229320427236315