0 0.558173 0.156731 0.023558 0.051282
0 0.312740 0.266186 0.030288 0.066346
0 0.474038 0.337340 0.025962 0.073397
0 0.640986 0.349038 0.039663 0.091026
0 0.870673 0.182532 0.053365 0.079808
0 0.837260 0.380769 0.039904 0.077564
0 0.636779 0.550641 0.042788 0.071154
0 0.731250 0.537500 0.036538 0.063462
0 0.474519 0.614744 0.037981 0.083974
0 0.308413 0.652885 0.039904 0.103205
0 0.295433 0.845833 0.042788 0.123077
0 0.452404 0.804167 0.025481 0.089744
0 0.940986 0.936218 0.027163 0.083333
0 0.881611 0.702083 0.048798 0.104808
0 0.790385 0.813462 0.043269 0.081410
0 0.595072 0.849519 0.046875 0.059295