0 0.354207 0.073878 0.031010 0.068910
0 0.519952 0.089583 0.038942 0.079167
0 0.346394 0.332372 0.030288 0.075000
0 0.183173 0.358333 0.044712 0.094231
0 0.708894 0.125000 0.038462 0.070513
0 0.890385 0.230929 0.042788 0.075321
0 0.922476 0.408333 0.021394 0.069872
0 0.510577 0.282853 0.052404 0.069551
0 0.601683 0.268269 0.043269 0.063462
0 0.746635 0.426122 0.048077 0.099679
0 0.650120 0.529327 0.040625 0.079808
0 0.461779 0.557853 0.052885 0.061218
0 0.168750 0.544391 0.047115 0.125321
0 0.321274 0.511859 0.026202 0.080769
0 0.193029 0.724038 0.046635 0.097436
0 0.432572 0.769391 0.031971 0.091346
0 0.653486 0.763622 0.035817 0.079808
0 0.795072 0.650801 0.027163 0.081731
0 0.935337 0.646154 0.035096 0.069872