0 0.265745 0.189263 0.027163 0.056090
0 0.163702 0.394712 0.033654 0.081090
0 0.356010 0.399679 0.039904 0.088462
0 0.152524 0.704167 0.035817 0.090385
0 0.616346 0.210577 0.053365 0.093590
0 0.774760 0.111218 0.023077 0.052564
0 0.779928 0.257532 0.031971 0.056090
0 0.572115 0.430288 0.038462 0.082372
0 0.784375 0.542468 0.048558 0.087500
0 0.346154 0.628365 0.047115 0.078526
0 0.453005 0.607372 0.041587 0.069231
0 0.618510 0.784776 0.054327 0.118910
0 0.120673 0.923077 0.028846 0.095513
0 0.288942 0.962019 0.058654 0.075962
0 0.510337 0.914263 0.046635 0.093269
0 0.826562 0.750000 0.026202 0.082692