0 0.165505 0.167949 0.044952 0.050641
0 0.325000 0.344391 0.039904 0.053526
0 0.145433 0.388622 0.037981 0.073397
0 0.540625 0.122276 0.034135 0.063141
0 0.700841 0.172115 0.035337 0.067949
0 0.502404 0.352724 0.042308 0.059936
0 0.206731 0.623397 0.033173 0.065385
0 0.083293 0.873077 0.040625 0.090385
0 0.300481 0.867949 0.052885 0.108974
0 0.716466 0.371955 0.031490 0.066987
0 0.772716 0.532532 0.030529 0.060577
0 0.595072 0.643910 0.058894 0.101282
0 0.777524 0.698077 0.031490 0.069872
0 0.543990 0.903205 0.047596 0.089744